ISS (ZARYA)             
1 25544U 98067A   24082.08057980  .00021830  00000+0  40003-3 0  9996
2 25544  51.6418  27.1811 0004648 352.9911 115.3669 15.49227032445031
CSS (TIANHE)            
1 48274U 21035A   24080.96338172  .00041285  00000+0  43315-3 0  9997
2 48274  41.4667 262.3340 0010089 221.2207 138.7872 15.63530478165289
ISS (NAUKA)             
1 49044U 21066A   24081.86766298  .00026750  00000+0  48814-3 0  9990
2 49044  51.6390  28.2396 0004635 351.0815   9.0090 15.49221119151020
FREGAT DEB              
1 49271U 11037PF  24078.49060802  .00013346  00000+0  37254-1 0  9993
2 49271  51.6409 246.9408 0931510 291.9619  58.4825 12.11699293124180
CSS (WENTIAN)           
1 53239U 22085A   24080.96338172  .00041285  00000+0  43315-3 0  9990
2 53239  41.4667 262.3340 0010089 221.2207 138.7872 15.63530478 94625
CSS (MENGTIAN)          
1 54216U 22143A   24080.96338172  .00041285  00000+0  43315-3 0  9991
2 54216  41.4667 262.3340 0010089 221.2207 138.7872 15.63530478 78566
ISS DEB                 
1 57212U 98067VP  24081.85502636  .00177530  00000+0  94185-3 0  9999
2 57212  51.6298   4.8145 0003356 102.9424 257.1953 15.79456642 42255
SOYUZ-MS 24             
1 57862U 23143A   24081.86766298  .00026750  00000+0  48814-3 0  9995
2 57862  51.6390  28.2396 0004635 351.0815   9.0090 15.49221119 29100
SHENZHOU-17 (SZ-17)     
1 58146U 23164A   24080.96338172  .00041285  00000+0  43315-3 0  9991
2 58146  41.4667 262.3340 0010089 221.2207 138.7872 15.63530478 22886
ISS DEB                 
1 58174U 98067WA  24081.81960334  .00979886  47257-3  19352-2 0  9991
2 58174  51.6258  11.3092 0006984 167.4778 192.6406 15.99421264 23216
ISS DEB                 
1 58229U 98067WC  24081.90292359  .00132212  00000+0  12326-2 0  9996
2 58229  51.6367  20.2361 0002596 104.2352 255.8932 15.66403774 21896
PROGRESS-MS 25          
1 58460U 23184A   24081.86766298  .00026750  00000+0  48814-3 0  9995
2 58460  51.6390  28.2396 0004635 351.0815   9.0090 15.49221119 17315
BEAK                    
1 58612U 98067WD  24081.89112526  .00131204  00000+0  13721-2 0  9997
2 58612  51.6376  23.1660 0003044  66.8842 293.2473 15.63515489 14805
CLARK SAT-1 (AMBITIOUS) 
1 58613U 98067WE  24081.90050766  .00488107  00000+0  25339-2 0  9992
2 58613  51.6311  19.4444 0006407 114.7824 245.3844 15.79066606 14823
TIANZHOU-7              
1 58811U 24013A   24080.96338172  .00041285  00000+0  43315-3 0  9994
2 58811  41.4667 262.3340 0010089 221.2207 138.7872 15.63530478164657
CYGNUS NG-20            
1 58898U 24021A   24081.86766298  .00026750  00000+0  48814-3 0  9991
2 58898  51.6390  28.2396 0004635 351.0815   9.0090 15.49221119  7409
PROGRESS-MS 26          
1 58961U 24029A   24081.86766298  .00026750  00000+0  48814-3 0  9990
2 58961  51.6390  28.2396 0004635 351.0815   9.0090 15.49221119  5475
CREW DRAGON 8           
1 59097U 24042A   24081.86766298  .00026750  00000+0  48814-3 0  9996
2 59097  51.6390  28.2396 0004635 351.0815   9.0090 15.49221119  2361
DRAGON CRS-30           
1 59287U 24054A   24081.99199755 -.00003805  12031-4  00000+0 0  9992
2 59287  51.6521  28.3486 0012802  14.2746 345.8806 16.26479645    27
